{
  "labels": [
    "Sc",
    "V",
    "Cr",
    "Co",
    "Ni",
    "Zn",
    "Ga",
    "Rb",
    "Sr",
    "Y",
    "Zr",
    "Nb",
    "Ba",
    "La",
    "Ce",
    "Pr",
    "Nd",
    "Sm",
    "Eu",
    "Gd",
    "Tb",
    "Dy",
    "Ho",
    "Er",
    "Tm",
    "Yb",
    "Lu",
    "Hf",
    "Ta",
    "Pb",
    "Th",
    "U"
  ],
  "values": [
    [
      1.0,
      0.0613932367939465,
      -0.11578153929460203,
      0.07332216857349283,
      -0.013564565757382742,
      0.12016865833187038,
      -0.09435598215935218,
      0.024085836701020873,
      -0.06890580637365293,
      0.25033389641876025,
      -0.044288026315421995,
      -0.011963158289258102,
      0.009301380703290086,
      0.04217407715248381,
      0.058385547265585015,
      0.1455494662250225,
      0.1914853624805785,
      0.2582814784582867,
      0.11153566590370628,
      0.753010285873798,
      0.26429004197701916,
      0.302558451145052,
      0.28462819111050097,
      0.29345308888992505,
      0.24466421501781369,
      0.10799145441963093,
      0.7085268521036124,
      -0.017822745710998313,
      0.011816453338834312,
      -0.004781238973588355,
      -0.0010977892006805955,
      -0.006170150331548626
    ],
    [
      0.0613932367939465,
      1.0,
      0.013627563106605371,
      0.07799655852916956,
      0.05721663545771489,
      0.07014156521753623,
      0.15726978993476196,
      0.026469206567546737,
      0.0678272325313221,
      -0.11255909092246404,
      0.09378391477547197,
      0.01249343775154389,
      0.027499589317588422,
      0.0018091460783562418,
      -0.013156526816787053,
      -0.017152459539341653,
      -0.04900284765891645,
      -0.06791287585203279,
      0.054890068037121,
      -0.0367244843919195,
      -0.01344466769789396,
      -0.11890494992585769,
      -0.017446437103267133,
      -0.11294562552413466,
      -0.013877352942260921,
      -0.028418734267932833,
      -0.017799942029064764,
      0.13137072921080606,
      -0.006630064515675338,
      0.015236067249045086,
      0.0027913772999069737,
      -0.00018101329642895907
    ],
    [
      -0.11578153929460203,
      0.013627563106605371,
      1.0,
      0.12818289131064195,
      0.2349090591034786,
      -0.28317072212030064,
      -0.12473238977865878,
      -0.005867338123407544,
      0.01265443818884597,
      -0.20495683590541872,
      -0.07085197858686886,
      0.001965827454471662,
      0.03860470173661466,
      -0.043891553594641114,
      -0.05803325947145962,
      -0.1332095710455382,
      -0.1751122145377963,
      -0.22129879952138093,
      -0.05179837754452834,
      -0.06270459896924112,
      -0.020145106375747967,
      -0.2131868270825723,
      -0.01771041491456571,
      -0.1126933527261651,
      -0.008204498711026314,
      -0.02870149620044086,
      -0.0107650338953961,
      -0.07370836500129846,
      -0.00602346725009156,
      -0.016111777193042097,
      0.005009263891810389,
      -0.007052469407659192
    ],
    [
      0.07332216857349283,
      0.07799655852916956,
      0.12818289131064195,
      1.0,
      0.5701133874687722,
      -0.007608710952388351,
      0.1811849210393863,
      0.03147258684334097,
      0.04652665846767201,
      0.015388631746051758,
      -0.009504574663523039,
      0.0009239758915789583,
      0.05241786854249451,
      0.020876455236561297,
      0.006893239744506959,
      0.015464406250836745,
      0.006408046533027033,
      0.0065681408810173425,
      0.004426018880321328,
      0.0018768535229015924,
      -0.00015798852225462124,
      0.004059239462133957,
      -0.0009556984087709953,
      0.0014299971048450041,
      -0.0020806870337591863,
      0.0013992102868671274,
      -0.0022755277711766315,
      -0.009428431008288054,
      -0.00216922831441625,
      0.021770320910652067,
      0.004497788341598041,
      -0.0004521021279986026
    ],
    [
      -0.013564565757382742,
      0.05721663545771489,
      0.2349090591034786,
      0.5701133874687722,
      1.0,
      -0.03291003676407952,
      0.15324901675286376,
      0.013863114114923046,
      0.004419676702305686,
      -0.040577390850329915,
      -0.014607049679783215,
      0.0006581589249954503,
      0.05193091663484011,
      -0.009162817734537752,
      -0.009472373718877065,
      -0.028695336980010852,
      -0.039670245955719906,
      -0.04307616804619208,
      -0.007455065855375154,
      -0.010000635615969701,
      -0.0061366331657335006,
      -0.04518250096205867,
      -0.006739885727202712,
      -0.02121599438751315,
      -0.0034475139812200307,
      -0.004359217651047846,
      -0.002404703191990177,
      -0.012770145136246264,
      -0.0015070736789550118,
      2.391639469275207e-05,
      0.0013477856934385047,
      -0.0011382316304420384
    ],
    [
      0.12016865833187038,
      0.07014156521753623,
      -0.28317072212030064,
      -0.007608710952388351,
      -0.03291003676407952,
      1.0,
      0.1141080964527981,
      0.11258750714533124,
      0.08227628010002123,
      0.2227755675487661,
      0.27568997652997385,
      0.8134629808900172,
      0.10501335026958603,
      0.21618834178362115,
      0.064511445048186,
      0.22801613020655578,
      0.23324246830157658,
      0.2458558415737336,
      0.03923436360968564,
      0.24010099227316656,
      0.016656540685055243,
      0.2775711981081529,
      0.01649555276398438,
      0.143466008933965,
      0.015794877584861155,
      0.06141277667301179,
      0.023790655567533767,
      0.2669985382780441,
      0.03717315100125742,
      0.7802461258441548,
      0.016093973551792106,
      0.01251051361373179
    ],
    [
      -0.09435598215935218,
      0.15726978993476196,
      -0.12473238977865878,
      0.1811849210393863,
      0.15324901675286376,
      0.1141080964527981,
      1.0,
      0.1255810663119313,
      0.043116447669702046,
      0.02074295833789311,
      0.06480426691898691,
      0.06580890731169932,
      0.24654463875809646,
      0.06454942011684896,
      0.09633168261598857,
      0.05787574287101026,
      0.05847173749003738,
      0.05953969534552914,
      0.08328054641755557,
      0.044500948840863634,
      0.03213440620022154,
      0.014591177733299156,
      0.00409026384533545,
      -0.006290434077913749,
      0.00021013314399818207,
      0.015562394276891456,
      0.039726170814283125,
      0.09547929699072323,
      0.04675452316118132,
      0.0629649819653497,
      0.05997334394345277,
      0.06173921274917022
    ],
    [
      0.024085836701020873,
      0.026469206567546737,
      -0.005867338123407544,
      0.03147258684334097,
      0.013863114114923046,
      0.11258750714533124,
      0.1255810663119313,
      1.0,
      0.19243957253358865,
      0.07980004736846479,
      0.038832212852835564,
      0.009265438654698362,
      0.1649061018711291,
      0.01555148529974811,
      0.007029995083053393,
      0.0281880893236668,
      0.012866194303326285,
      0.018784471622138723,
      0.024417383662596187,
      0.07037692774862564,
      0.18603861148634773,
      0.009372173799830704,
      0.020452129847505524,
      0.019234247087935273,
      0.2990323324474168,
      0.03490832972517532,
      0.2810507881920161,
      0.02895142265670904,
      0.05065795853307054,
      0.03597109305771315,
      0.02715713391383786,
      0.04427473059603595
    ],
    [
      -0.06890580637365293,
      0.0678272325313221,
      0.01265443818884597,
      0.04652665846767201,
      0.004419676702305686,
      0.08227628010002123,
      0.043116447669702046,
      0.19243957253358865,
      1.0,
      -0.007104007319723603,
      0.1864558478357574,
      0.020570174557751474,
      0.15951445365656844,
      0.30815416813848956,
      0.17113213853268686,
      0.24802141922164814,
      0.14485229476852082,
      0.1297510077358473,
      0.05204431533270915,
      0.026255476427063686,
      0.008509236023686003,
      -0.00836049775507778,
      0.006679906811438673,
      -0.023163458116890624,
      0.009354418134950193,
      -0.012499124333791283,
      0.007157796057594229,
      0.1363962265705796,
      0.006670935994633571,
      0.08073902744503893,
      0.07442605388500435,
      0.03110063899189497
    ],
    [
      0.25033389641876025,
      -0.11255909092246404,
      -0.20495683590541872,
      0.015388631746051758,
      -0.040577390850329915,
      0.2227755675487661,
      0.02074295833789311,
      0.07980004736846479,
      -0.007104007319723603,
      1.0,
      0.0948004895363973,
      0.013565315965008179,
      0.04583607536004477,
      0.38440468194059835,
      0.3111981764427422,
      0.6334685697923476,
      0.4875076550763852,
      0.8633126700146172,
      0.06334756331130517,
      0.37090172311265446,
      0.14158826779114064,
      0.9729420731868864,
      0.1387724399439061,
      0.5157156822751962,
      0.0818810111465897,
      0.34842930675215067,
      0.0998401692447676,
      0.0882407348164745,
      0.005322608919009231,
      0.048472828302757565,
      0.038087478916102216,
      0.01108917006831621
    ],
    [
      -0.044288026315421995,
      0.09378391477547197,
      -0.07085197858686886,
      -0.009504574663523039,
      -0.014607049679783215,
      0.27568997652997385,
      0.06480426691898691,
      0.038832212852835564,
      0.1864558478357574,
      0.0948004895363973,
      1.0,
      0.051430385960697586,
      0.11679986219209822,
      0.17435585477267562,
      0.10885229273888745,
      0.16847103201075397,
      0.11317972836746082,
      0.1386298650569118,
      0.07129112340648301,
      0.04503806440400372,
      0.024141217558338066,
      0.0880172419379834,
      0.028240131052933257,
      0.047985259856901226,
      0.03360464705457644,
      0.1051202058894292,
      0.05076576409350132,
      0.7318847413983591,
      0.030223193984773206,
      0.10844519972033943,
      0.06729044175711331,
      0.045575627720636225
    ],
    [
      -0.011963158289258102,
      0.01249343775154389,
      0.001965827454471662,
      0.0009239758915789583,
      0.0006581589249954503,
      0.8134629808900172,
      0.06580890731169932,
      0.009265438654698362,
      0.020570174557751474,
      0.013565315965008179,
      0.051430385960697586,
      1.0,
      0.021806957264139195,
      0.07099146098530892,
      0.022196986582802586,
      0.047180865254316036,
      0.02435202305678121,
      0.023166383272134657,
      0.014178537875265648,
      0.006986545919819362,
      0.001848432008782015,
      0.016713355029543103,
      0.001617798132699087,
      0.010204845156124813,
      0.0015443856709320652,
      0.029059961369747145,
      0.002268605413278167,
      0.03494720388429384,
      0.03634180865022249,
      0.8435638109162937,
      0.009280696254412186,
      0.0023132639342879195
    ],
    [
      0.009301380703290086,
      0.027499589317588422,
      0.03860470173661466,
      0.05241786854249451,
      0.05193091663484011,
      0.10501335026958603,
      0.24654463875809646,
      0.1649061018711291,
      0.15951445365656844,
      0.04583607536004477,
      0.11679986219209822,
      0.021806957264139195,
      1.0,
      0.06196003140990625,
      0.0357553659129492,
      0.060022624804978865,
      0.036720969814554076,
      0.04428537055826868,
      0.016110875172989782,
      0.04402532694486105,
      0.006641017767030359,
      0.027168210872288736,
      0.008619606603794449,
      0.013712523234220548,
      0.008738406901058258,
      0.008772524853998577,
      0.010109631154028315,
      0.08930533899921551,
      0.01598305398104654,
      0.19682122935382437,
      0.04964665648052833,
      0.023532785645401188
    ],
    [
      0.04217407715248381,
      0.0018091460783562418,
      -0.043891553594641114,
      0.020876455236561297,
      -0.009162817734537752,
      0.21618834178362115,
      0.06454942011684896,
      0.01555148529974811,
      0.30815416813848956,
      0.38440468194059835,
      0.17435585477267562,
      0.07099146098530892,
      0.06196003140990625,
      1.0,
      0.6190297824027504,
      0.7983583035036159,
      0.5391172210808032,
      0.6416072257786584,
      0.1828775507122092,
      0.22761343215405283,
      0.0984207757124715,
      0.39558919558989825,
      0.0709174531898912,
      0.2016214667669275,
      0.054273356688988465,
      0.2884098392340569,
      0.059636377958578214,
      0.1361871061180081,
      0.028294848831992455,
      0.09537571498604043,
      0.1806683060070598,
      0.04197646616659627
    ],
    [
      0.058385547265585015,
      -0.013156526816787053,
      -0.05803325947145962,
      0.006893239744506959,
      -0.009472373718877065,
      0.064511445048186,
      0.09633168261598857,
      0.007029995083053393,
      0.17113213853268686,
      0.3111981764427422,
      0.10885229273888745,
      0.022196986582802586,
      0.0357553659129492,
      0.6190297824027504,
      1.0,
      0.4869721571725815,
      0.38092972511228695,
      0.46233283666550484,
      0.09893766924029335,
      0.17439026753018666,
      0.061215543103543525,
      0.3289560721262678,
      0.050356609150285656,
      0.16756129093780137,
      0.03307587893638232,
      0.11510991459424737,
      0.03879053969774416,
      0.08918292907657477,
      0.017124824579661354,
      0.0625869566848185,
      0.15639890843141552,
      0.04279322297009965
    ],
    [
      0.1455494662250225,
      -0.017152459539341653,
      -0.1332095710455382,
      0.015464406250836745,
      -0.028695336980010852,
      0.22801613020655578,
      0.05787574287101026,
      0.0281880893236668,
      0.24802141922164814,
      0.6334685697923476,
      0.16847103201075397,
      0.047180865254316036,
      0.060022624804978865,
      0.7983583035036159,
      0.4869721571725815,
      1.0,
      0.5574142273786887,
      0.8413389689270626,
      0.2859505205190424,
      0.3021533097663581,
      0.17963137146539546,
      0.5957000397490657,
      0.12495298539116764,
      0.3049729568245187,
      0.10237097107033141,
      0.20567608674895416,
      0.10872404441315946,
      0.15187937956878125,
      0.02178372989442705,
      0.07143770930630716,
      0.13894886416942917,
      0.04080812850653157
    ],
    [
      0.1914853624805785,
      -0.04900284765891645,
      -0.1751122145377963,
      0.006408046533027033,
      -0.039670245955719906,
      0.23324246830157658,
      0.05847173749003738,
      0.012866194303326285,
      0.14485229476852082,
      0.4875076550763852,
      0.11317972836746082,
      0.02435202305678121,
      0.036720969814554076,
      0.5391172210808032,
      0.38092972511228695,
      0.5574142273786887,
      1.0,
      0.6313302685603126,
      0.22803983973101685,
      0.2483977083162056,
      0.09017903474077892,
      0.5036735317621958,
      0.07985949271062205,
      0.7989866911446492,
      0.0745921140374644,
      0.25030868676757145,
      0.08643517785001048,
      0.10105314488647026,
      0.3343947379453977,
      0.042557233604072556,
      0.1300867638006836,
      0.02355601728024854
    ],
    [
      0.2582814784582867,
      -0.06791287585203279,
      -0.22129879952138093,
      0.0065681408810173425,
      -0.04307616804619208,
      0.2458558415737336,
      0.05953969534552914,
      0.018784471622138723,
      0.1297510077358473,
      0.8633126700146172,
      0.1386298650569118,
      0.023166383272134657,
      0.04428537055826868,
      0.6416072257786584,
      0.46233283666550484,
      0.8413389689270626,
      0.6313302685603126,
      1.0,
      0.19799707826331825,
      0.40542825400685256,
      0.17764873854161237,
      0.886597621138883,
      0.1457706776346896,
      0.44511654378097204,
      0.09848207907947823,
      0.304913524715784,
      0.11278196631751246,
      0.13717070234785428,
      0.007771627452486802,
      0.04692195503457725,
      0.17574927320794867,
      0.04194538256780269
    ],
    [
      0.11153566590370628,
      0.054890068037121,
      -0.05179837754452834,
      0.004426018880321328,
      -0.007455065855375154,
      0.03923436360968564,
      0.08328054641755557,
      0.024417383662596187,
      0.05204431533270915,
      0.06334756331130517,
      0.07129112340648301,
      0.014178537875265648,
      0.016110875172989782,
      0.1828775507122092,
      0.09893766924029335,
      0.2859505205190424,
      0.22803983973101685,
      0.19799707826331825,
      1.0,
      0.13199149634245505,
      0.09145060003051082,
      0.10071296768408426,
      0.06506912618378612,
      0.28327503526125986,
      0.20474979799830345,
      0.09965532005969288,
      0.3774424992630236,
      0.039039948258004956,
      0.1140582256850373,
      0.05418902609551636,
      0.5157581988573241,
      0.12658950015407716
    ],
    [
      0.753010285873798,
      -0.0367244843919195,
      -0.06270459896924112,
      0.0018768535229015924,
      -0.010000635615969701,
      0.24010099227316656,
      0.044500948840863634,
      0.07037692774862564,
      0.026255476427063686,
      0.37090172311265446,
      0.04503806440400372,
      0.006986545919819362,
      0.04402532694486105,
      0.22761343215405283,
      0.17439026753018666,
      0.3021533097663581,
      0.2483977083162056,
      0.40542825400685256,
      0.13199149634245505,
      1.0,
      0.06893385838330787,
      0.40001818159866503,
      0.05921721144919084,
      0.19389356759058207,
      0.03770194841006477,
      0.1425802298902838,
      0.19684644501525853,
      0.045571583590169884,
      0.0032167750363704234,
      0.015798528221204148,
      0.026643990904792747,
      0.007057926585067044
    ],
    [
      0.26429004197701916,
      -0.01344466769789396,
      -0.020145106375747967,
      -0.00015798852225462124,
      -0.0061366331657335006,
      0.016656540685055243,
      0.03213440620022154,
      0.18603861148634773,
      0.008509236023686003,
      0.14158826779114064,
      0.024141217558338066,
      0.001848432008782015,
      0.006641017767030359,
      0.0984207757124715,
      0.061215543103543525,
      0.17963137146539546,
      0.09017903474077892,
      0.17764873854161237,
      0.09145060003051082,
      0.06893385838330787,
      1.0,
      0.1617606184987364,
      0.8345495775939705,
      0.10728145728577289,
      0.517761102571841,
      0.07381368077190721,
      0.482059542959691,
      0.03619226489513256,
      0.45019886112686963,
      0.10681164922042395,
      0.14028713991704297,
      0.43843296249248087
    ],
    [
      0.302558451145052,
      -0.11890494992585769,
      -0.2131868270825723,
      0.004059239462133957,
      -0.04518250096205867,
      0.2775711981081529,
      0.014591177733299156,
      0.009372173799830704,
      -0.00836049775507778,
      0.9729420731868864,
      0.0880172419379834,
      0.016713355029543103,
      0.027168210872288736,
      0.39558919558989825,
      0.3289560721262678,
      0.5957000397490657,
      0.5036735317621958,
      0.886597621138883,
      0.10071296768408426,
      0.40001818159866503,
      0.1617606184987364,
      1.0,
      0.15013030917909317,
      0.5182768296061427,
      0.0939396890037503,
      0.36320593556980124,
      0.11498036486006037,
      0.0903320128875323,
      0.00027875336353202774,
      0.030920523930462827,
      0.03521945372787695,
      0.009527958068366345
    ],
    [
      0.28462819111050097,
      -0.017446437103267133,
      -0.01771041491456571,
      -0.0009556984087709953,
      -0.006739885727202712,
      0.01649555276398438,
      0.00409026384533545,
      0.020452129847505524,
      0.006679906811438673,
      0.1387724399439061,
      0.028240131052933257,
      0.001617798132699087,
      0.008619606603794449,
      0.0709174531898912,
      0.050356609150285656,
      0.12495298539116764,
      0.07985949271062205,
      0.1457706776346896,
      0.06506912618378612,
      0.05921721144919084,
      0.8345495775939705,
      0.15013030917909317,
      1.0,
      0.10733616087720092,
      0.6123050701269802,
      0.07092613706213867,
      0.5938177192234149,
      0.039395605221288425,
      0.46334182680568936,
      0.09709942214346223,
      0.17526323165530877,
      0.4911340885749018
    ],
    [
      0.29345308888992505,
      -0.11294562552413466,
      -0.1126933527261651,
      0.0014299971048450041,
      -0.02121599438751315,
      0.143466008933965,
      -0.006290434077913749,
      0.019234247087935273,
      -0.023163458116890624,
      0.5157156822751962,
      0.047985259856901226,
      0.010204845156124813,
      0.013712523234220548,
      0.2016214667669275,
      0.16756129093780137,
      0.3049729568245187,
      0.7989866911446492,
      0.44511654378097204,
      0.28327503526125986,
      0.19389356759058207,
      0.10728145728577289,
      0.5182768296061427,
      0.10733616087720092,
      1.0,
      0.2819434447015956,
      0.407032348114781,
      0.2922847392330923,
      0.05195389058163276,
      0.47723625380427626,
      0.02697524647174827,
      0.21642666083799886,
      0.03626929218349118
    ],
    [
      0.24466421501781369,
      -0.013877352942260921,
      -0.008204498711026314,
      -0.0020806870337591863,
      -0.0034475139812200307,
      0.015794877584861155,
      0.00021013314399818207,
      0.2990323324474168,
      0.009354418134950193,
      0.0818810111465897,
      0.03360464705457644,
      0.0015443856709320652,
      0.008738406901058258,
      0.054273356688988465,
      0.03307587893638232,
      0.10237097107033141,
      0.0745921140374644,
      0.09848207907947823,
      0.20474979799830345,
      0.03770194841006477,
      0.517761102571841,
      0.0939396890037503,
      0.6123050701269802,
      0.2819434447015956,
      1.0,
      0.1280486161654781,
      0.9475224053199389,
      0.056756544273902386,
      0.877608997554316,
      0.08483335383164635,
      0.7237567069189156,
      0.7365825282638637
    ],
    [
      0.10799145441963093,
      -0.028418734267932833,
      -0.02870149620044086,
      0.0013992102868671274,
      -0.004359217651047846,
      0.06141277667301179,
      0.015562394276891456,
      0.03490832972517532,
      -0.012499124333791283,
      0.34842930675215067,
      0.1051202058894292,
      0.029059961369747145,
      0.008772524853998577,
      0.2884098392340569,
      0.11510991459424737,
      0.20567608674895416,
      0.25030868676757145,
      0.304913524715784,
      0.09965532005969288,
      0.1425802298902838,
      0.07381368077190721,
      0.36320593556980124,
      0.07092613706213867,
      0.407032348114781,
      0.1280486161654781,
      1.0,
      0.13479816971486092,
      0.09219197906579094,
      0.07761835032022105,
      0.018400228304452308,
      0.11051277396377175,
      0.024691265087880783
    ],
    [
      0.7085268521036124,
      -0.017799942029064764,
      -0.0107650338953961,
      -0.0022755277711766315,
      -0.002404703191990177,
      0.023790655567533767,
      0.039726170814283125,
      0.2810507881920161,
      0.007157796057594229,
      0.0998401692447676,
      0.05076576409350132,
      0.002268605413278167,
      0.010109631154028315,
      0.059636377958578214,
      0.03879053969774416,
      0.10872404441315946,
      0.08643517785001048,
      0.11278196631751246,
      0.3774424992630236,
      0.19684644501525853,
      0.482059542959691,
      0.11498036486006037,
      0.5938177192234149,
      0.2922847392330923,
      0.9475224053199389,
      0.13479816971486092,
      1.0,
      0.05539120409920392,
      0.8879382098768613,
      0.08444999914548221,
      0.7085320451676714,
      0.7906019665067737
    ],
    [
      -0.017822745710998313,
      0.13137072921080606,
      -0.07370836500129846,
      -0.009428431008288054,
      -0.012770145136246264,
      0.2669985382780441,
      0.09547929699072323,
      0.02895142265670904,
      0.1363962265705796,
      0.0882407348164745,
      0.7318847413983591,
      0.03494720388429384,
      0.08930533899921551,
      0.1361871061180081,
      0.08918292907657477,
      0.15187937956878125,
      0.10105314488647026,
      0.13717070234785428,
      0.039039948258004956,
      0.045571583590169884,
      0.03619226489513256,
      0.0903320128875323,
      0.039395605221288425,
      0.05195389058163276,
      0.056756544273902386,
      0.09219197906579094,
      0.05539120409920392,
      1.0,
      0.03212754673910785,
      0.10558505323573668,
      0.06841109650049762,
      0.041116421502290834
    ],
    [
      0.011816453338834312,
      -0.006630064515675338,
      -0.00602346725009156,
      -0.00216922831441625,
      -0.0015070736789550118,
      0.03717315100125742,
      0.04675452316118132,
      0.05065795853307054,
      0.006670935994633571,
      0.005322608919009231,
      0.030223193984773206,
      0.03634180865022249,
      0.01598305398104654,
      0.028294848831992455,
      0.017124824579661354,
      0.02178372989442705,
      0.3343947379453977,
      0.007771627452486802,
      0.1140582256850373,
      0.0032167750363704234,
      0.45019886112686963,
      0.00027875336353202774,
      0.46334182680568936,
      0.47723625380427626,
      0.877608997554316,
      0.07761835032022105,
      0.8879382098768613,
      0.03212754673910785,
      1.0,
      0.09597921170448828,
      0.5429632935240982,
      0.6685811059484759
    ],
    [
      -0.004781238973588355,
      0.015236067249045086,
      -0.016111777193042097,
      0.021770320910652067,
      2.391639469275207e-05,
      0.7802461258441548,
      0.0629649819653497,
      0.03597109305771315,
      0.08073902744503893,
      0.048472828302757565,
      0.10844519972033943,
      0.8435638109162937,
      0.19682122935382437,
      0.09537571498604043,
      0.0625869566848185,
      0.07143770930630716,
      0.042557233604072556,
      0.04692195503457725,
      0.05418902609551636,
      0.015798528221204148,
      0.10681164922042395,
      0.030920523930462827,
      0.09709942214346223,
      0.02697524647174827,
      0.08483335383164635,
      0.018400228304452308,
      0.08444999914548221,
      0.10558505323573668,
      0.09597921170448828,
      1.0,
      0.07058265412351883,
      0.09206416976148699
    ],
    [
      -0.0010977892006805955,
      0.0027913772999069737,
      0.005009263891810389,
      0.004497788341598041,
      0.0013477856934385047,
      0.016093973551792106,
      0.05997334394345277,
      0.02715713391383786,
      0.07442605388500435,
      0.038087478916102216,
      0.06729044175711331,
      0.009280696254412186,
      0.04964665648052833,
      0.1806683060070598,
      0.15639890843141552,
      0.13894886416942917,
      0.1300867638006836,
      0.17574927320794867,
      0.5157581988573241,
      0.026643990904792747,
      0.14028713991704297,
      0.03521945372787695,
      0.17526323165530877,
      0.21642666083799886,
      0.7237567069189156,
      0.11051277396377175,
      0.7085320451676714,
      0.06841109650049762,
      0.5429632935240982,
      0.07058265412351883,
      1.0,
      0.6213027918895341
    ],
    [
      -0.006170150331548626,
      -0.00018101329642895907,
      -0.007052469407659192,
      -0.0004521021279986026,
      -0.0011382316304420384,
      0.01251051361373179,
      0.06173921274917022,
      0.04427473059603595,
      0.03110063899189497,
      0.01108917006831621,
      0.045575627720636225,
      0.0023132639342879195,
      0.023532785645401188,
      0.04197646616659627,
      0.04279322297009965,
      0.04080812850653157,
      0.02355601728024854,
      0.04194538256780269,
      0.12658950015407716,
      0.007057926585067044,
      0.43843296249248087,
      0.009527958068366345,
      0.4911340885749018,
      0.03626929218349118,
      0.7365825282638637,
      0.024691265087880783,
      0.7906019665067737,
      0.041116421502290834,
      0.6685811059484759,
      0.09206416976148699,
      0.6213027918895341,
      1.0
    ]
  ]
}